,ts_code,trade_date,open,high,low,close,pre_close,change,pct_chg,vol,amount
0,300731.SZ,20200228,37.4,38.9,36.26,38.0,39.54,-1.54,-3.8948,34731.29,129076.046
1,300731.SZ,20200227,40.16,41.0,38.5,39.54,39.99,-0.45,-1.1253,22820.53,90617.579
2,300731.SZ,20200226,41.38,42.22,39.21,39.99,42.89,-2.9,-6.7615,44147.46,181573.348
3,300731.SZ,20200225,40.2,42.89,38.05,42.89,42.28,0.61,1.4428,84914.31,345804.565
4,300731.SZ,20200224,40.58,42.66,40.0,42.28,38.78,3.5,9.0253,76090.73,317457.284
5,300731.SZ,20200221,38.24,39.5,38.0,38.78,38.7,0.08,0.2067,32260.89,124762.443
6,300731.SZ,20200220,37.54,39.8,37.45,38.7,37.69,1.01,2.6798,41294.13,160090.374
7,300731.SZ,20200219,37.74,39.85,37.25,37.69,37.09,0.6,1.6177,57307.4,220630.238
8,300731.SZ,20200218,35.3,37.1,34.9,37.09,35.23,1.86,5.2796,32631.3,117345.997
9,300731.SZ,20200217,34.99,35.31,34.52,35.23,34.21,1.02,2.9816,28431.02,99488.38
10,300731.SZ,20200214,34.14,34.8,33.6,34.21,34.23,-0.02,-0.0584,18396.36,63077.058
11,300731.SZ,20200213,34.7,35.25,34.0,34.23,34.79,-0.56,-1.6097,15747.4,54197.027
12,300731.SZ,20200212,34.21,34.95,34.21,34.79,34.5,0.29,0.8406,16791.7,58156.89
13,300731.SZ,20200211,35.1,35.42,34.11,34.5,34.68,-0.18,-0.519,28057.55,97202.734
14,300731.SZ,20200210,33.55,35.09,33.13,34.68,33.78,0.9,2.6643,38287.72,130449.396
15,300731.SZ,20200207,32.58,34.38,31.55,33.78,32.36,1.42,4.3881,34180.98,112540.147
16,300731.SZ,20200206,31.3,32.52,31.0,32.36,31.58,0.78,2.4699,28224.5,90133.895
17,300731.SZ,20200205,31.3,32.82,31.28,31.58,31.62,-0.04,-0.1265,40421.9,128873.897
18,300731.SZ,20200204,28.77,32.05,28.77,31.62,31.97,-0.35,-1.0948,64027.8,198137.976
19,300731.SZ,20200203,31.97,31.97,31.97,31.97,35.52,-3.55,-9.9944,2730.0,8727.81
20,300731.SZ,20200123,37.05,37.15,34.77,35.52,37.23,-1.71,-4.5931,32914.88,118161.021
21,300731.SZ,20200122,35.96,38.18,35.0,37.23,36.73,0.5,1.3613,39348.4,144218.479
22,300731.SZ,20200121,38.02,38.6,36.7,36.73,39.04,-2.31,-5.917,54194.2,203117.939
23,300731.SZ,20200120,37.76,39.88,36.54,39.04,36.3,2.74,7.5482,77826.55,297613.307
24,300731.SZ,20200117,33.28,36.3,33.12,36.3,33.0,3.3,10.0,67184.21,234798.343
25,300731.SZ,20200116,32.39,33.59,32.0,33.0,32.81,0.19,0.5791,41600.8,136827.934
26,300731.SZ,20200115,31.03,33.29,30.65,32.81,30.98,1.83,5.907,52815.97,169129.718
27,300731.SZ,20200114,30.86,31.62,30.86,30.98,31.5,-0.52,-1.6508,31482.4,98072.918
28,300731.SZ,20200113,31.2,31.64,30.7,31.5,31.07,0.43,1.384,28728.72,89715.883
29,300731.SZ,20200110,30.88,31.95,30.4,31.07,31.05,0.02,0.0644,38380.8,119549.142
30,300731.SZ,20200109,30.21,32.0,29.96,31.05,29.95,1.1,3.6728,39159.51,121831.829
31,300731.SZ,20200108,29.8,31.59,29.4,29.95,29.95,0.0,0.0,37809.18,115697.792
32,300731.SZ,20200107,29.53,29.98,29.2,29.95,29.46,0.49,1.6633,25696.69,76334.561
33,300731.SZ,20200106,28.49,29.8,28.22,29.46,29.21,0.25,0.8559,26603.4,77662.714
34,300731.SZ,20200103,29.81,29.81,28.7,29.21,30.05,-0.84,-2.7953,35596.97,103773.821
35,300731.SZ,20200102,29.96,30.17,29.58,30.05,30.0,0.05,0.1667,29535.84,88429.016
36,300731.SZ,20191231,29.24,30.35,29.11,30.0,29.2,0.8,2.7397,33954.35,101058.983
37,300731.SZ,20191230,28.9,29.7,28.3,29.2,29.11,0.09,0.3092,33667.75,97810.167
38,300731.SZ,20191227,30.03,30.47,28.9,29.11,30.17,-1.06,-3.5134,40654.19,120301.489
39,300731.SZ,20191226,30.6,30.6,29.53,30.17,30.66,-0.49,-1.5982,60285.98,180634.18
40,300731.SZ,20191225,27.5,30.66,27.04,30.66,27.87,2.79,10.0108,95512.16,286251.072
41,300731.SZ,20191224,28.16,28.66,26.14,27.87,29.04,-1.17,-4.0289,50108.5,136333.139
42,300731.SZ,20191223,28.8,29.96,28.41,29.04,28.31,0.73,2.5786,52929.68,155194.678
43,300731.SZ,20191220,28.65,29.65,28.2,28.31,28.61,-0.3,-1.0486,34121.5,98672.309
44,300731.SZ,20191219,29.33,29.79,28.5,28.61,29.46,-0.85,-2.8853,37168.97,107536.08
45,300731.SZ,20191218,28.54,29.49,28.28,29.46,28.92,0.54,1.8672,48196.97,139789.732
46,300731.SZ,20191217,27.9,29.26,27.4,28.92,27.75,1.17,4.2162,58401.67,167261.92
47,300731.SZ,20191216,28.5,28.5,27.38,27.75,27.18,0.57,2.0971,24972.38,69257.942
48,300731.SZ,20191213,27.02,27.5,27.0,27.18,26.98,0.2,0.7413,19637.8,53481.172
49,300731.SZ,20191212,27.35,27.59,26.93,26.98,27.01,-0.03,-0.1111,20369.2,55457.951
50,300731.SZ,20191211,28.32,28.59,27.01,27.01,28.28,-1.27,-4.4908,33188.05,91654.058
51,300731.SZ,20191210,28.0,28.86,27.76,28.28,28.18,0.1,0.3549,33348.38,94659.369
52,300731.SZ,20191209,27.65,28.5,27.12,28.18,27.3,0.88,3.2234,38839.41,108832.588
53,300731.SZ,20191206,27.51,27.77,26.9,27.3,27.51,-0.21,-0.7634,25855.8,70282.331
54,300731.SZ,20191205,26.57,27.7,26.57,27.51,26.4,1.11,4.2045,37586.13,102496.597
55,300731.SZ,20191204,26.4,26.53,25.93,26.4,26.7,-0.3,-1.1236,19896.59,52193.554
56,300731.SZ,20191203,26.4,26.75,25.94,26.7,26.23,0.47,1.7918,23025.6,60795.21
57,300731.SZ,20191202,26.69,27.33,25.91,26.23,27.18,-0.95,-3.4952,30034.3,79676.708
58,300731.SZ,20191129,27.9,28.08,26.9,27.18,27.96,-0.78,-2.7897,20601.49,56387.003
59,300731.SZ,20191128,28.12,28.36,27.13,27.96,28.15,-0.19,-0.675,24397.4,67690.445
60,300731.SZ,20191127,27.5,28.58,26.7,28.15,27.4,0.75,2.7372,36855.23,102732.681
61,300731.SZ,20191126,27.0,27.83,26.45,27.4,26.96,0.44,1.632,32885.56,90170.81
62,300731.SZ,20191125,27.78,27.78,26.18,26.96,27.55,-0.59,-2.1416,29308.0,78909.7
63,300731.SZ,20191122,28.31,28.58,26.78,27.55,28.23,-0.68,-2.4088,52885.85,145881.203
64,300731.SZ,20191121,29.69,29.69,27.92,28.23,29.7,-1.47,-4.9495,51802.6,147120.932
65,300731.SZ,20191120,29.03,30.0,28.6,29.7,29.32,0.38,1.296,66661.49,194005.852
66,300731.SZ,20191119,27.48,29.99,27.32,29.32,27.73,1.59,5.7339,101583.93,290563.599
67,300731.SZ,20191118,26.07,28.28,26.01,27.73,26.75,0.98,3.6636,83539.14,228046.836
68,300731.SZ,20191115,27.99,28.77,26.34,26.75,27.6,-0.85,-3.0797,110407.8,302460.297
69,300731.SZ,20191114,25.34,27.6,25.34,27.6,25.09,2.51,10.004,80698.47,221044.939
70,300731.SZ,20191113,25.41,25.72,24.88,25.09,25.7,-0.61,-2.3735,28263.67,71284.887
71,300731.SZ,20191112,25.43,26.4,25.37,25.7,25.65,0.05,0.1949,42519.98,109747.682
72,300731.SZ,20191111,26.13,26.7,25.31,25.65,26.19,-0.54,-2.0619,48766.58,126203.648
73,300731.SZ,20191108,26.47,27.08,25.81,26.19,25.95,0.24,0.9249,82626.34,218431.641
74,300731.SZ,20191107,23.52,25.95,23.52,25.95,23.59,2.36,10.0042,58394.07,145251.993
75,300731.SZ,20191106,24.6,24.99,23.26,23.59,24.5,-0.91,-3.7143,42981.49,103779.176
76,300731.SZ,20191105,25.0,25.27,24.4,24.5,24.4,0.1,0.4098,35846.02,89002.231
77,300731.SZ,20191104,23.86,24.88,23.86,24.4,23.82,0.58,2.4349,38872.93,95034.868
78,300731.SZ,20191101,23.71,24.5,23.54,23.82,24.11,-0.29,-1.2028,28832.2,69304.07
79,300731.SZ,20191031,22.85,25.06,22.85,24.11,24.12,-0.01,-0.0415,58061.76,140024.385
80,300731.SZ,20191030,25.0,25.46,24.03,24.12,26.32,-2.2,-8.3587,72933.29,180097.147
81,300731.SZ,20191029,26.88,27.88,25.86,26.32,25.93,0.39,1.504,109251.57,291813.035
82,300731.SZ,20191028,28.0,28.0,25.5,25.93,27.39,-1.46,-5.3304,119134.63,312428.591
83,300731.SZ,20191025,27.39,27.39,27.39,27.39,24.9,2.49,10.0,8919.0,24429.141
84,300731.SZ,20191024,24.9,24.9,24.9,24.9,22.64,2.26,9.9823,3056.2,7609.938
85,300731.SZ,20191009,21.2,22.76,21.2,22.64,21.58,1.06,4.912,27134.55,60732.034
86,300731.SZ,20191008,21.74,21.92,21.41,21.58,21.6,-0.02,-0.0926,11077.24,23944.963
87,300731.SZ,20190930,22.46,22.47,21.6,21.6,22.18,-0.58,-2.615,13905.8,30513.326
88,300731.SZ,20190927,22.5,22.5,21.92,22.18,22.14,0.04,0.1807,14888.9,33014.943
89,300731.SZ,20190926,22.47,22.93,22.1,22.14,22.46,-0.32,-1.4248,19991.33,44875.907
90,300731.SZ,20190925,23.12,23.36,22.42,22.46,23.19,-0.73,-3.1479,17615.93,40009.226
91,300731.SZ,20190924,22.73,23.49,22.73,23.19,22.78,0.41,1.7998,22591.59,52404.327
92,300731.SZ,20190923,23.25,23.36,22.35,22.78,23.37,-0.59,-2.5246,26318.12,59550.326
93,300731.SZ,20190920,23.59,23.85,23.37,23.37,23.64,-0.27,-1.1421,19765.4,46485.429
94,300731.SZ,20190919,23.5,23.64,23.25,23.64,23.29,0.35,1.5028,21536.93,50423.423
95,300731.SZ,20190918,23.67,23.95,23.18,23.29,23.75,-0.46,-1.9368,23963.54,56278.296
96,300731.SZ,20190917,24.79,24.79,23.25,23.75,24.61,-0.86,-3.4945,49884.79,119254.012
97,300731.SZ,20190916,24.04,24.87,24.04,24.61,24.61,0.0,0.0,62064.85,151991.645
98,300731.SZ,20190912,23.79,25.48,23.51,24.61,23.46,1.15,4.902,84121.47,207506.102
99,300731.SZ,20190911,24.15,24.29,23.46,23.46,24.18,-0.72,-2.9777,36662.8,87097.039
100,300731.SZ,20190910,24.5,24.9,24.03,24.18,24.43,-0.25,-1.0233,49197.2,119922.717
101,300731.SZ,20190909,23.97,24.62,23.47,24.43,23.69,0.74,3.1237,65802.45,158866.752
102,300731.SZ,20190906,23.47,24.05,23.4,23.69,23.39,0.3,1.2826,40906.32,97057.184
103,300731.SZ,20190905,23.5,24.11,23.34,23.39,23.59,-0.2,-0.8478,65506.87,155802.782
104,300731.SZ,20190904,22.85,23.6,22.53,23.59,22.92,0.67,2.9232,55092.61,127326.618
105,300731.SZ,20190903,22.6,23.26,22.4,22.92,22.63,0.29,1.2815,40506.44,92922.904
106,300731.SZ,20190902,22.3,22.64,21.82,22.63,22.35,0.28,1.2528,42704.06,95334.48
107,300731.SZ,20190830,24.0,24.13,22.35,22.35,23.91,-1.56,-6.5245,64793.56,149659.643
108,300731.SZ,20190829,23.52,24.23,23.31,23.91,23.87,0.04,0.1676,59051.2,140617.621
109,300731.SZ,20190828,23.58,24.02,23.0,23.87,23.7,0.17,0.7173,57838.6,136171.394
110,300731.SZ,20190827,23.7,23.97,23.26,23.7,23.56,0.14,0.5942,69120.36,163169.304
111,300731.SZ,20190826,22.33,23.77,22.32,23.56,23.3,0.26,1.1159,76781.9,177799.205
112,300731.SZ,20190823,23.88,24.36,23.21,23.3,24.48,-1.18,-4.8203,99014.39,234846.326
113,300731.SZ,20190822,25.2,25.69,23.75,24.48,25.72,-1.24,-4.8212,138916.98,344176.018
114,300731.SZ,20190821,28.6,28.6,25.58,25.72,26.26,-0.54,-2.0564,190702.52,515276.757
115,300731.SZ,20190820,26.26,26.26,26.26,26.26,23.87,2.39,10.0126,5734.04,15057.589
116,300731.SZ,20190819,23.87,23.87,23.87,23.87,21.7,2.17,10.0,5121.69,12225.474
117,300731.SZ,20190816,19.85,21.7,19.75,21.7,19.73,1.97,9.9848,33564.94,71429.727
118,300731.SZ,20190815,19.13,19.88,18.68,19.73,19.98,-0.25,-1.2513,30547.12,59277.163
119,300731.SZ,20190814,20.68,20.7,19.9,19.98,20.18,-0.2,-0.9911,32075.17,65139.185
120,300731.SZ,20190813,20.37,20.69,20.1,20.18,20.75,-0.57,-2.747,32346.85,65692.826
121,300731.SZ,20190812,20.0,20.8,19.7,20.75,20.5,0.25,1.2195,45829.86,92883.974
122,300731.SZ,20190809,20.7,20.7,19.16,20.5,20.71,-0.21,-1.014,62877.49,125434.023
123,300731.SZ,20190808,20.19,20.74,19.83,20.71,20.22,0.49,2.4233,56082.96,114388.954
124,300731.SZ,20190807,20.97,21.26,20.15,20.22,21.09,-0.87,-4.1252,55397.44,114362.608
125,300731.SZ,20190806,21.11,21.4,19.89,21.09,21.9,-0.81,-3.6986,81059.81,168020.802
126,300731.SZ,20190805,22.82,23.0,21.78,21.9,23.56,-1.66,-7.0458,87261.64,195548.664
127,300731.SZ,20190802,20.93,24.5,20.93,23.56,23.24,0.32,1.3769,141243.91,312664.183
128,300731.SZ,20190801,22.65,24.92,22.0,23.24,22.65,0.59,2.6049,151986.06,356774.227
129,300731.SZ,20190731,21.7,22.65,21.63,22.65,20.59,2.06,10.0049,66557.19,149243.605
130,300731.SZ,20190730,18.74,20.59,18.74,20.59,18.72,1.87,9.9893,18224.55,37409.586
131,300731.SZ,20190729,18.61,18.79,18.58,18.72,18.6,0.12,0.6452,8899.81,16636.385
132,300731.SZ,20190726,19.07,19.07,18.48,18.6,19.07,-0.47,-2.4646,14350.8,26800.074
133,300731.SZ,20190725,18.75,19.28,18.49,19.07,18.47,0.6,3.2485,16360.45,30991.747
134,300731.SZ,20190724,18.38,18.63,18.21,18.47,18.34,0.13,0.7088,8313.2,15371.366
135,300731.SZ,20190723,18.42,18.42,18.06,18.34,18.45,-0.11,-0.5962,6915.2,12600.097
136,300731.SZ,20190722,19.2,19.33,17.84,18.45,19.11,-0.66,-3.4537,12411.38,22798.323
137,300731.SZ,20190719,19.2,19.42,19.01,19.11,19.03,0.08,0.4204,8055.4,15492.862
138,300731.SZ,20190718,19.1,19.39,18.86,19.03,19.46,-0.43,-2.2097,11952.15,22796.306
139,300731.SZ,20190717,18.72,19.46,18.49,19.46,18.82,0.64,3.4006,22707.79,43334.833
140,300731.SZ,20190716,18.83,18.95,18.59,18.82,19.0,-0.18,-0.9474,8898.4,16646.058
141,300731.SZ,20190715,18.65,19.1,18.03,19.0,18.64,0.36,1.9313,10185.0,19098.116
142,300731.SZ,20190712,26.48,27.06,26.17,26.2,26.58,-0.38,-1.4296,8564.13,22677.532
143,300731.SZ,20190711,26.09,26.77,25.92,26.58,25.92,0.66,2.5463,10623.81,28106.202
144,300731.SZ,20190710,26.1,26.25,25.5,25.92,26.04,-0.12,-0.4608,8451.42,21873.733
145,300731.SZ,20190709,26.38,26.38,25.89,26.04,26.12,-0.08,-0.3063,5077.94,13219.872
146,300731.SZ,20190708,27.43,27.43,26.0,26.12,27.13,-1.01,-3.7228,10513.0,27756.142
147,300731.SZ,20190705,26.85,27.2,26.66,27.13,27.13,0.0,0.0,8080.39,21774.168
148,300731.SZ,20190704,27.6,27.6,26.67,27.13,27.66,-0.53,-1.9161,13968.0,37699.926
149,300731.SZ,20190703,28.06,28.31,27.21,27.66,28.51,-0.85,-2.9814,16580.52,45977.06
150,300731.SZ,20190702,26.99,29.6,26.74,28.51,26.95,1.56,5.7885,30558.83,86131.388
151,300731.SZ,20190701,27.41,27.41,26.43,26.95,26.02,0.93,3.5742,13866.29,37376.118
152,300731.SZ,20190628,26.88,27.05,25.91,26.02,27.0,-0.98,-3.6296,10893.92,28638.852
153,300731.SZ,20190627,27.69,27.69,26.78,27.0,27.41,-0.41,-1.4958,12717.98,34470.928
154,300731.SZ,20190626,26.8,27.69,26.78,27.41,27.05,0.36,1.3309,13172.37,35934.078
155,300731.SZ,20190625,26.74,27.07,26.5,27.05,27.05,0.0,0.0,8561.61,22971.321
156,300731.SZ,20190624,27.1,27.38,26.48,27.05,27.2,-0.15,-0.5515,15088.21,40494.309
157,300731.SZ,20190621,27.27,27.58,26.54,27.2,26.5,0.7,2.6415,23533.85,63768.048
158,300731.SZ,20190620,25.98,26.58,25.8,26.5,26.09,0.41,1.5715,14390.82,37759.788
159,300731.SZ,20190619,26.6,27.19,26.09,26.09,25.89,0.2,0.7725,12215.24,32299.47
160,300731.SZ,20190618,26.16,26.16,25.7,25.89,26.18,-0.29,-1.1077,9060.0,23439.497
161,300731.SZ,20190617,25.54,26.29,25.54,26.18,25.8,0.38,1.4729,11829.37,30727.927
162,300731.SZ,20190614,27.13,27.26,25.7,25.8,27.11,-1.31,-4.8322,22235.0,58325.406
163,300731.SZ,20190613,27.5,27.88,26.91,27.11,28.37,-1.26,-4.4413,30828.38,84055.529
164,300731.SZ,20190612,28.64,29.33,28.1,28.37,28.76,-0.39,-1.3561,28819.15,82738.915
165,300731.SZ,20190611,27.5,29.88,27.23,28.76,28.22,0.54,1.9135,42409.11,121207.53
166,300731.SZ,20190610,27.68,30.06,27.68,28.22,27.33,0.89,3.2565,42805.88,122476.289
167,300731.SZ,20190606,26.37,28.2,25.42,27.33,26.36,0.97,3.6798,30893.09,82627.894
168,300731.SZ,20190605,25.97,26.69,25.24,26.36,25.9,0.46,1.7761,25575.3,66737.87
169,300731.SZ,20190604,25.85,26.7,25.47,25.9,25.85,0.05,0.1934,23247.95,60610.213
170,300731.SZ,20190603,24.85,26.96,24.61,25.85,24.85,1.0,4.0241,28814.85,74996.179
171,300731.SZ,20190531,24.5,25.4,24.05,24.85,24.5,0.35,1.4286,16265.96,40506.335
172,300731.SZ,20190530,25.01,25.01,24.05,24.5,25.0,-0.5,-2.0,11393.42,27752.694
173,300731.SZ,20190529,24.17,25.26,23.9,25.0,24.05,0.95,3.9501,18770.58,46526.965
174,300731.SZ,20190528,24.0,24.5,24.0,24.05,23.95,0.1,0.4175,11190.84,27054.224
175,300731.SZ,20190527,23.56,24.1,23.15,23.95,23.37,0.58,2.4818,9316.84,22153.118
176,300731.SZ,20190524,23.25,23.64,23.12,23.37,23.56,-0.19,-0.8065,5589.85,13033.927
177,300731.SZ,20190523,23.9,23.9,23.05,23.56,23.89,-0.33,-1.3813,8376.74,19630.006
178,300731.SZ,20190522,24.17,24.27,23.61,23.89,24.11,-0.22,-0.9125,10047.88,24102.737
179,300731.SZ,20190521,24.08,24.2,23.57,24.11,23.95,0.16,0.6681,10381.58,24870.8
180,300731.SZ,20190520,24.08,24.45,23.73,23.95,24.14,-0.19,-0.7871,8395.42,20144.892
181,300731.SZ,20190517,25.01,26.1,23.5,24.14,24.81,-0.67,-2.7005,14353.62,35146.151
182,300731.SZ,20190516,24.1,25.08,24.1,24.81,24.8,0.01,0.0403,9256.74,22885.264
183,300731.SZ,20190515,24.74,24.88,24.52,24.8,24.47,0.33,1.3486,10484.96,25896.909
184,300731.SZ,20190514,24.78,24.78,24.0,24.47,25.0,-0.53,-2.12,9177.0,22475.881
185,300731.SZ,20190513,25.16,25.32,24.76,25.0,25.42,-0.42,-1.6522,8886.0,22299.033
186,300731.SZ,20190510,24.89,25.5,24.5,25.42,24.7,0.72,2.915,20181.97,50709.463
187,300731.SZ,20190509,24.2,24.99,24.0,24.7,24.82,-0.12,-0.4835,9190.08,22530.829
188,300731.SZ,20190508,24.55,25.04,23.3,24.82,25.02,-0.2,-0.7994,7811.0,19258.487
189,300731.SZ,20190507,25.27,25.27,24.51,25.02,25.21,-0.19,-0.7537,8655.87,21544.373
190,300731.SZ,20190506,24.55,26.71,23.05,25.21,25.55,-0.34,-1.3307,13705.0,33618.365
191,300731.SZ,20190430,25.42,25.58,24.6,25.55,25.98,-0.43,-1.6551,8480.41,21387.53
192,300731.SZ,20190429,26.66,27.24,24.13,25.98,26.66,-0.68,-2.5506,10275.73,26392.179
193,300731.SZ,20190426,27.2,27.5,26.66,26.66,27.22,-0.56,-2.0573,6973.0,18896.095
194,300731.SZ,20190425,28.7,28.71,27.21,27.22,28.76,-1.54,-5.3547,9884.67,27529.535
195,300731.SZ,20190424,28.35,28.78,28.0,28.76,28.33,0.43,1.5178,6499.4,18505.626
196,300731.SZ,20190423,28.99,29.19,28.3,28.33,28.94,-0.61,-2.1078,8114.04,23354.156
197,300731.SZ,20190422,29.2,29.46,28.79,28.94,29.17,-0.23,-0.7885,9597.57,27860.365
198,300731.SZ,20190419,29.42,29.6,28.45,29.17,29.01,0.16,0.5515,10004.11,29016.6
199,300731.SZ,20190418,30.49,30.5,29.01,29.01,29.74,-0.73,-2.4546,17697.65,52233.569
200,300731.SZ,20190417,29.4,29.8,29.1,29.74,29.41,0.33,1.1221,19862.23,58685.767
201,300731.SZ,20190416,27.88,29.48,27.58,29.41,28.01,1.4,4.9982,21859.12,63175.962
202,300731.SZ,20190415,28.35,28.68,28.0,28.01,28.06,-0.05,-0.1782,7326.26,20820.811
203,300731.SZ,20190412,27.8,28.09,27.58,28.06,27.8,0.26,0.9353,6343.52,17634.365
204,300731.SZ,20190411,28.44,28.61,27.8,27.8,28.44,-0.64,-2.2504,9509.0,26694.01
205,300731.SZ,20190410,28.94,28.94,28.27,28.44,29.09,-0.65,-2.2344,12953.0,36998.429
206,300731.SZ,20190409,28.9,29.1,28.0,29.09,28.87,0.22,0.762,15863.9,45454.321
207,300731.SZ,20190408,28.94,28.97,28.46,28.87,28.6,0.27,0.9441,11091.0,31877.414
208,300731.SZ,20190404,28.96,29.2,28.41,28.6,28.96,-0.36,-1.2431,16168.11,46320.252
209,300731.SZ,20190403,29.2,29.44,28.52,28.96,29.78,-0.82,-2.7535,22143.86,64096.967
210,300731.SZ,20190402,29.79,30.22,29.6,29.78,29.79,-0.01,-0.0336,15530.35,46350.116
211,300731.SZ,20190401,28.74,29.96,28.74,29.79,28.74,1.05,3.6534,21017.53,62158.804
212,300731.SZ,20190329,28.0,28.93,27.5,28.74,28.02,0.72,2.5696,15436.82,43619.802
213,300731.SZ,20190328,28.52,29.2,27.7,28.02,28.48,-0.46,-1.6152,13818.29,39203.787
214,300731.SZ,20190327,28.75,28.85,27.97,28.48,28.28,0.2,0.7072,13160.12,37340.014
215,300731.SZ,20190326,30.0,30.0,28.28,28.28,29.75,-1.47,-4.9412,18219.82,52998.074
216,300731.SZ,20190325,29.61,30.49,29.43,29.75,30.18,-0.43,-1.4248,19591.53,58815.314
217,300731.SZ,20190322,30.97,30.97,29.3,30.18,30.69,-0.51,-1.6618,33510.03,100086.169
218,300731.SZ,20190321,31.24,31.82,30.5,30.69,31.22,-0.53,-1.6976,23520.16,73020.686
219,300731.SZ,20190320,32.08,32.1,30.4,31.22,32.08,-0.86,-2.6808,16041.23,50119.954
220,300731.SZ,20190319,30.93,32.26,30.67,32.08,30.98,1.1,3.5507,27009.0,85499.154
221,300731.SZ,20190318,31.32,31.32,29.68,30.98,30.8,0.18,0.5844,19507.81,59696.858
222,300731.SZ,20190315,31.03,32.59,30.5,30.8,31.37,-0.57,-1.817,25286.33,79519.035
223,300731.SZ,20190314,32.0,32.6,29.5,31.37,32.2,-0.83,-2.5776,25190.95,78042.042
224,300731.SZ,20190313,33.33,34.57,32.1,32.2,34.6,-2.4,-6.9364,35483.82,118397.23
225,300731.SZ,20190312,32.0,34.7,30.84,34.6,31.55,3.05,9.6672,78278.68,251772.454
226,300731.SZ,20190311,29.2,31.55,29.2,31.55,28.68,2.87,10.007,65406.96,201673.485
227,300731.SZ,20190308,27.5,30.36,27.2,28.68,28.13,0.55,1.9552,59237.71,171538.069
228,300731.SZ,20190307,27.63,28.49,27.3,28.13,27.6,0.53,1.9203,41946.12,117285.748
229,300731.SZ,20190306,27.55,27.81,26.71,27.6,27.6,0.0,0.0,43811.82,119960.206
230,300731.SZ,20190305,26.03,27.95,26.03,27.6,26.14,1.46,5.5853,55931.99,150802.694
231,300731.SZ,20190304,26.0,26.7,25.99,26.14,25.81,0.33,1.2786,32242.54,84920.514
232,300731.SZ,20190301,25.93,26.1,25.59,25.81,25.93,-0.12,-0.4628,16610.45,42845.806
233,300731.SZ,20190228,25.79,26.12,25.72,25.93,25.99,-0.06,-0.2309,16376.77,42449.242
234,300731.SZ,20190227,26.07,26.52,25.35,25.99,26.5,-0.51,-1.9245,32583.24,84812.662
235,300731.SZ,20190226,27.1,27.31,26.36,26.5,27.17,-0.67,-2.466,45939.75,123119.567
236,300731.SZ,20190225,26.38,27.45,26.37,27.17,26.29,0.88,3.3473,56300.53,151521.34
237,300731.SZ,20190222,25.71,26.42,25.4,26.29,26.3,-0.01,-0.038,44303.26,114911.981
238,300731.SZ,20190221,25.9,27.48,25.03,26.3,25.89,0.41,1.5836,76866.91,202189.09
239,300731.SZ,20190220,23.58,25.89,23.0,25.89,23.54,2.35,9.983,38835.0,94144.8
240,300731.SZ,20190219,23.94,24.0,23.18,23.54,23.65,-0.11,-0.4651,22734.68,53517.122
241,300731.SZ,20190218,23.39,23.74,23.18,23.65,22.91,0.74,3.23,28457.3,66824.87
242,300731.SZ,20190215,22.8,22.97,22.58,22.91,23.18,-0.27,-1.1648,15769.17,36016.022
243,300731.SZ,20190214,22.5,23.65,22.41,23.18,22.65,0.53,2.34,26733.29,62123.875
244,300731.SZ,20190213,22.2,22.8,22.15,22.65,22.21,0.44,1.9811,18538.45,41773.414
245,300731.SZ,20190212,22.09,22.47,21.87,22.21,22.06,0.15,0.68,10950.88,24340.294
246,300731.SZ,20190211,21.26,22.15,21.26,22.06,21.33,0.73,3.4224,11413.53,25015.826
247,300731.SZ,20190201,21.01,21.45,20.75,21.33,20.63,0.7,3.3931,9126.12,19312.135
248,300731.SZ,20190131,21.04,21.71,20.6,20.63,21.35,-0.72,-3.3724,15873.96,33645.742
249,300731.SZ,20190130,21.9,22.27,21.32,21.35,21.97,-0.62,-2.822,14025.42,30628.276
250,300731.SZ,20190129,23.68,23.79,21.31,21.97,23.68,-1.71,-7.2213,18456.65,41087.262
251,300731.SZ,20190128,23.61,23.97,23.31,23.68,23.45,0.23,0.9808,12811.24,30366.68
252,300731.SZ,20190125,23.5,23.95,23.1,23.45,24.46,-1.01,-4.1292,20828.1,49005.904
253,300731.SZ,20190124,23.99,25.48,23.97,24.46,23.91,0.55,2.3003,26411.02,65216.368
254,300731.SZ,20190123,24.13,24.18,23.77,23.91,24.08,-0.17,-0.706,13079.31,31313.189
255,300731.SZ,20190122,24.06,24.12,23.78,24.08,24.47,-0.39,-1.5938,20857.92,49981.591
256,300731.SZ,20190121,23.15,25.28,23.14,24.47,23.0,1.47,6.3913,38281.02,92588.891
257,300731.SZ,20190118,23.03,23.23,22.75,23.0,23.04,-0.04,-0.1736,12172.09,27952.523
258,300731.SZ,20190117,23.75,23.87,22.93,23.04,23.64,-0.6,-2.5381,14845.92,34557.441
259,300731.SZ,20190116,23.68,23.9,23.5,23.64,23.69,-0.05,-0.2111,11550.4,27365.185
260,300731.SZ,20190115,23.53,23.75,23.11,23.69,23.6,0.09,0.3814,13515.0,31734.136
261,300731.SZ,20190114,24.13,24.27,23.19,23.6,24.4,-0.8,-3.2787,21796.5,51514.561
262,300731.SZ,20190111,24.3,24.41,23.92,24.4,23.99,0.41,1.709,17175.94,41561.119
263,300731.SZ,20190110,23.81,24.34,23.81,23.99,23.87,0.12,0.5027,16675.22,40210.525
264,300731.SZ,20190109,23.86,24.37,23.61,23.87,23.75,0.12,0.5053,18882.88,45447.843
265,300731.SZ,20190108,24.33,24.38,23.66,23.75,24.33,-0.58,-2.3839,15382.88,36694.62
266,300731.SZ,20190107,23.9,24.45,23.88,24.33,23.88,0.45,1.8844,14781.84,35803.8
267,300731.SZ,20190104,23.02,24.15,22.75,23.88,23.6,0.28,1.1864,21301.45,50075.807
268,300731.SZ,20190103,26.0,26.0,23.51,23.6,26.0,-2.4,-9.2308,34789.29,84784.503
269,300731.SZ,20190102,26.4,26.58,25.61,26.0,26.25,-0.25,-0.9524,19990.21,52329.016
270,300731.SZ,20181228,26.38,26.58,25.91,26.25,26.24,0.01,0.0381,20714.5,54489.857
271,300731.SZ,20181227,27.0,27.19,26.0,26.24,26.77,-0.53,-1.9798,34617.99,92161.488
272,300731.SZ,20181226,26.96,27.86,26.54,26.77,27.2,-0.43,-1.5809,37812.92,101989.669
273,300731.SZ,20181225,26.62,27.61,26.09,27.2,27.21,-0.01,-0.0368,43934.86,117809.17
274,300731.SZ,20181224,26.2,27.27,26.06,27.21,26.28,0.93,3.5388,44501.73,118861.231
275,300731.SZ,20181221,24.85,26.91,24.8,26.28,25.31,0.97,3.8325,37836.76,97795.409
276,300731.SZ,20181220,24.68,25.6,24.68,25.31,24.55,0.76,3.0957,29911.8,75566.061
277,300731.SZ,20181219,24.3,25.9,24.1,24.55,24.22,0.33,1.3625,23453.0,58660.915
278,300731.SZ,20181218,24.42,24.57,23.9,24.22,24.54,-0.32,-1.304,9634.0,23371.403
279,300731.SZ,20181217,24.26,24.65,23.85,24.54,24.15,0.39,1.6149,12143.0,29509.54
280,300731.SZ,20181214,25.1,25.24,24.1,24.15,25.44,-1.29,-5.0708,18844.4,46583.634
281,300731.SZ,20181213,25.06,25.51,24.8,25.44,24.94,0.5,2.0048,20806.4,52318.109
282,300731.SZ,20181212,25.32,25.34,24.91,24.94,25.32,-0.38,-1.5008,17852.84,44775.673
283,300731.SZ,20181211,25.22,25.58,24.8,25.32,25.22,0.1,0.3965,17018.4,42836.977
284,300731.SZ,20181210,25.4,25.4,24.8,25.22,25.61,-0.39,-1.5228,12145.0,30524.42
285,300731.SZ,20181207,25.51,26.15,25.51,25.61,25.67,-0.06,-0.2337,10844.0,27932.572
286,300731.SZ,20181206,25.81,26.14,25.4,25.67,26.22,-0.55,-2.0976,13279.05,34203.519
287,300731.SZ,20181205,26.1,26.46,25.58,26.22,26.82,-0.6,-2.2371,13865.0,36275.262
288,300731.SZ,20181204,27.12,27.23,26.3,26.82,27.12,-0.3,-1.1062,18213.0,48873.507
289,300731.SZ,20181203,26.8,27.39,26.36,27.12,26.33,0.79,3.0004,25534.29,68990.617
290,300731.SZ,20181130,26.0,26.46,25.41,26.33,25.88,0.45,1.7388,14341.29,37403.207
291,300731.SZ,20181129,27.55,27.55,25.88,25.88,27.43,-1.55,-5.6507,24683.03,65818.448
292,300731.SZ,20181128,26.66,27.49,26.41,27.43,26.56,0.87,3.2756,27454.0,74216.895
293,300731.SZ,20181127,25.92,26.89,25.92,26.56,25.69,0.87,3.3865,21030.38,55726.146
294,300731.SZ,20181126,25.86,26.25,25.25,25.69,26.04,-0.35,-1.3441,15143.0,38916.43
295,300731.SZ,20181123,26.7,27.29,26.0,26.04,26.79,-0.75,-2.7996,24236.52,64755.131
296,300731.SZ,20181122,27.19,27.39,26.64,26.79,27.19,-0.4,-1.4711,26759.84,72221.457
297,300731.SZ,20181121,26.77,27.84,26.77,27.19,29.74,-2.55,-8.5743,47614.12,129844.735
298,300731.SZ,20181120,30.5,30.94,29.61,29.74,30.93,-1.19,-3.8474,24143.69,73139.839
299,300731.SZ,20181119,31.55,31.55,30.5,30.93,31.75,-0.82,-2.5827,31880.69,98215.217
300,300731.SZ,20181116,31.8,32.18,31.37,31.75,32.24,-0.49,-1.5199,42411.87,134600.423
301,300731.SZ,20181115,31.45,32.97,30.92,32.24,30.45,1.79,5.8785,60413.73,192582.579
302,300731.SZ,20181114,30.7,31.06,30.16,30.45,31.07,-0.62,-1.9955,27633.29,84678.424
303,300731.SZ,20181113,30.6,31.49,30.5,31.07,31.35,-0.28,-0.8931,38126.88,118199.508
304,300731.SZ,20181112,30.2,31.8,29.9,31.35,30.54,0.81,2.6523,54685.4,169784.08
305,300731.SZ,20181109,28.93,31.9,28.61,30.54,29.0,1.54,5.3103,62723.6,193161.179
306,300731.SZ,20181108,29.7,29.88,28.81,29.0,29.99,-0.99,-3.3011,27720.76,81291.371
307,300731.SZ,20181107,28.96,30.19,28.56,29.99,28.93,1.06,3.664,40624.72,119801.038
308,300731.SZ,20181106,29.04,29.62,28.13,28.93,29.62,-0.69,-2.3295,27001.71,77198.782
309,300731.SZ,20181105,29.8,30.28,28.8,29.62,29.24,0.38,1.2996,41925.87,124555.896
310,300731.SZ,20181102,29.06,29.54,28.81,29.24,28.67,0.57,1.9881,35079.42,102184.119
311,300731.SZ,20181101,28.26,29.38,28.03,28.67,28.14,0.53,1.8834,37710.26,108459.514
312,300731.SZ,20181031,27.25,28.58,27.25,28.14,27.3,0.84,3.0769,28919.06,80827.976
313,300731.SZ,20181030,27.28,27.59,26.15,27.3,27.33,-0.03,-0.1098,22132.0,59498.217
314,300731.SZ,20181029,27.15,28.37,27.15,27.33,27.19,0.14,0.5149,18895.84,52172.935
315,300731.SZ,20181026,27.65,27.88,26.8,27.19,27.16,0.03,0.1105,20333.0,55773.921
316,300731.SZ,20181025,26.88,27.5,26.5,27.16,28.25,-1.09,-3.8584,21799.0,59028.207
317,300731.SZ,20181024,29.42,29.6,27.75,28.25,29.34,-1.09,-3.7151,32270.47,91893.871
318,300731.SZ,20181023,29.6,29.85,28.95,29.34,29.99,-0.65,-2.1674,30477.84,89740.687
319,300731.SZ,20181022,27.71,30.44,27.71,29.99,27.68,2.31,8.3454,39614.47,116325.556
320,300731.SZ,20181019,26.57,28.5,25.0,27.68,27.08,0.6,2.2157,26023.52,70159.283
321,300731.SZ,20181018,29.5,29.76,27.06,27.08,29.8,-2.72,-9.1275,27873.28,78464.943
322,300731.SZ,20181017,30.84,30.87,28.99,29.8,30.25,-0.45,-1.4876,35583.28,105895.211
323,300731.SZ,20181016,29.0,30.38,28.77,30.25,29.7,0.55,1.8519,48676.64,145775.302
324,300731.SZ,20181015,28.55,30.7,27.0,29.7,28.63,1.07,3.7373,52576.83,153273.626
325,300731.SZ,20181012,26.57,29.03,26.21,28.63,26.39,2.24,8.4881,41711.6,117505.19
326,300731.SZ,20181011,27.24,27.98,26.33,26.39,29.26,-2.87,-9.8086,27429.84,74137.098
327,300731.SZ,20181010,29.65,29.73,28.7,29.26,29.5,-0.24,-0.8136,26421.68,77249.986
328,300731.SZ,20181009,28.11,29.6,28.11,29.5,29.1,0.4,1.3746,35671.44,103542.733
329,300731.SZ,20181008,29.6,30.49,29.0,29.1,28.77,0.33,1.147,56746.44,168461.68
330,300731.SZ,20180928,26.16,28.77,26.15,28.77,26.15,2.62,10.0191,21231.92,59427.193
331,300731.SZ,20180927,28.02,28.04,25.9,26.15,27.92,-1.77,-6.3395,18883.68,50853.064
332,300731.SZ,20180926,28.22,28.5,27.61,27.92,28.01,-0.09,-0.3213,12737.79,35638.051
333,300731.SZ,20180925,27.85,28.08,27.51,28.01,27.88,0.13,0.4663,9255.0,25737.73
334,300731.SZ,20180921,27.31,28.05,27.27,27.88,27.26,0.62,2.2744,12172.92,33816.047
335,300731.SZ,20180920,27.75,28.03,27.2,27.26,27.75,-0.49,-1.7658,12573.16,34783.218
336,300731.SZ,20180919,27.09,28.3,27.09,27.75,27.34,0.41,1.4996,14933.47,41368.726
337,300731.SZ,20180918,26.69,27.37,26.69,27.34,26.78,0.56,2.0911,11717.0,31739.225
338,300731.SZ,20180917,27.77,27.77,26.74,26.78,28.26,-1.48,-5.2371,12424.87,33791.941
339,300731.SZ,20180914,29.78,30.18,28.21,28.26,29.78,-1.52,-5.1041,14392.95,41973.551
340,300731.SZ,20180913,29.73,30.04,29.38,29.78,29.44,0.34,1.1549,15505.79,46100.536
341,300731.SZ,20180912,28.85,30.28,28.6,29.44,28.84,0.6,2.0804,17852.76,52754.588
342,300731.SZ,20180911,28.51,29.06,28.41,28.84,28.5,0.34,1.193,11591.47,33290.594
343,300731.SZ,20180910,29.52,29.78,28.46,28.5,29.9,-1.4,-4.6823,16307.52,47074.898
344,300731.SZ,20180907,29.96,30.52,29.3,29.9,29.9,0.0,0.0,17094.6,51226.483
345,300731.SZ,20180906,29.74,30.3,29.06,29.9,29.72,0.18,0.6057,15654.0,46681.571
346,300731.SZ,20180905,30.58,30.95,29.67,29.72,30.58,-0.86,-2.8123,17556.84,53420.136
347,300731.SZ,20180904,30.36,30.89,29.91,30.58,30.5,0.08,0.2623,16670.44,50826.398
348,300731.SZ,20180903,30.83,30.83,29.59,30.5,31.05,-0.55,-1.7713,18261.68,54968.336
349,300731.SZ,20180831,31.9,32.28,30.8,31.05,32.0,-0.95,-2.9688,19764.84,61954.908
350,300731.SZ,20180830,32.48,33.13,31.77,32.0,32.69,-0.69,-2.1107,18953.0,61645.275
351,300731.SZ,20180829,34.0,34.27,32.48,32.69,33.96,-1.27,-3.7397,24464.84,80928.544
352,300731.SZ,20180828,34.0,34.8,33.53,33.96,34.17,-0.21,-0.6146,23466.68,79919.525
353,300731.SZ,20180827,33.6,34.55,33.4,34.17,33.56,0.61,1.8176,28262.68,96413.418
354,300731.SZ,20180824,34.3,34.47,33.42,33.56,34.66,-1.1,-3.1737,26486.17,89773.759
355,300731.SZ,20180823,33.5,35.56,33.03,34.66,33.97,0.69,2.0312,44479.12,151863.219
356,300731.SZ,20180822,33.05,34.43,32.87,33.97,33.25,0.72,2.1654,42779.41,145021.412
357,300731.SZ,20180821,33.0,33.88,32.13,33.25,33.0,0.25,0.7576,26717.67,88511.908
358,300731.SZ,20180820,32.13,33.0,31.3,33.0,31.86,1.14,3.5782,22895.84,73999.021
359,300731.SZ,20180817,33.15,33.67,31.57,31.86,32.77,-0.91,-2.7769,26153.0,85614.012
360,300731.SZ,20180816,31.62,33.96,31.52,32.77,32.34,0.43,1.3296,31902.44,105668.027
361,300731.SZ,20180815,33.36,34.15,32.21,32.34,33.25,-0.91,-2.7368,28589.6,94991.403
362,300731.SZ,20180814,33.96,34.18,32.71,33.25,33.65,-0.4,-1.1887,32132.89,107470.786
363,300731.SZ,20180813,31.83,34.19,31.42,33.65,34.24,-0.59,-1.7231,41075.52,134953.652
364,300731.SZ,20180810,33.2,35.1,32.7,34.24,32.65,1.59,4.8698,45954.6,155872.761
365,300731.SZ,20180809,31.56,33.68,31.56,32.65,30.7,1.95,6.3518,34392.11,111630.467
366,300731.SZ,20180808,32.07,32.67,30.14,30.7,32.62,-1.92,-5.886,28264.44,88936.584
367,300731.SZ,20180807,31.24,32.86,29.58,32.62,31.55,1.07,3.3914,37490.69,118085.99
368,300731.SZ,20180806,33.98,33.98,31.55,31.55,35.05,-3.5,-9.9857,36876.26,119769.385
369,300731.SZ,20180803,37.4,37.84,35.02,35.05,37.06,-2.01,-5.4236,35682.41,128619.106
370,300731.SZ,20180802,38.6,39.2,36.11,37.06,39.6,-2.54,-6.4141,51105.57,190648.712
371,300731.SZ,20180801,40.01,40.04,38.11,39.6,40.12,-0.52,-1.2961,58036.92,227477.558
372,300731.SZ,20180731,39.13,42.12,39.1,40.12,38.29,1.83,4.7793,84907.6,344241.524
373,300731.SZ,20180730,39.6,41.0,37.0,38.29,38.63,-0.34,-0.8801,74819.53,293487.708
374,300731.SZ,20180727,35.41,38.63,35.4,38.63,35.12,3.51,9.9943,46639.9,174672.718
375,300731.SZ,20180726,36.71,37.48,34.98,35.12,36.95,-1.83,-4.9526,27790.0,99755.662
376,300731.SZ,20180725,37.22,38.25,36.76,36.95,37.16,-0.21,-0.5651,24323.34,91115.188
377,300731.SZ,20180724,36.5,37.4,36.15,37.16,36.52,0.64,1.7525,23768.74,87876.301
378,300731.SZ,20180723,39.56,39.58,36.28,36.52,39.54,-3.02,-7.6378,44237.85,165636.12
379,300731.SZ,20180720,39.4,40.1,39.0,39.54,39.42,0.12,0.3044,26015.0,103152.603
380,300731.SZ,20180719,39.99,40.39,39.05,39.42,40.96,-1.54,-3.76,38190.07,151174.698
381,300731.SZ,20180718,39.95,42.9,39.61,40.96,40.01,0.95,2.37,81239.12,335832.213
382,300731.SZ,20180717,38.99,40.01,37.2,40.01,39.2,0.81,2.07,40931.93,158206.909
383,300731.SZ,20180716,38.89,40.74,38.52,39.2,38.38,0.82,2.14,45867.39,181698.35
384,300731.SZ,20180713,38.29,39.25,38.25,38.38,39.59,-1.21,-3.06,47058.81,181936.341
385,300731.SZ,20180712,40.2,40.95,39.01,39.59,37.23,2.36,6.34,80200.09,320458.399
386,300731.SZ,20180711,36.6,37.27,35.93,37.23,37.51,-0.28,-0.75,43769.48,160297.443
387,300731.SZ,20180710,36.82,37.69,36.36,37.51,37.26,0.25,0.67,56302.65,208493.488
388,300731.SZ,20180709,34.65,37.79,34.65,37.26,34.35,2.91,8.47,61026.22,224791.098
389,300731.SZ,20180706,34.02,35.33,33.06,34.35,33.6,0.75,2.23,39346.43,135195.52
390,300731.SZ,20180705,35.22,36.5,33.03,33.6,36.03,-2.43,-6.74,41157.25,144229.898
391,300731.SZ,20180704,39.5,39.7,36.03,36.03,40.03,-4.0,-9.99,48043.95,180948.158
392,300731.SZ,20180703,39.82,40.48,35.97,40.03,39.97,0.06,0.15,50966.99,197260.727
393,300731.SZ,20180702,41.99,41.99,39.0,39.97,41.68,-1.71,-4.1,43957.0,179671.96
394,300731.SZ,20180629,40.79,43.42,39.62,41.68,41.46,0.22,0.53,57458.15,237193.208
395,300731.SZ,20180628,41.05,42.9,41.05,41.46,41.49,-0.03,-0.07,72031.59,303347.129
396,300731.SZ,20180627,41.25,41.88,40.72,41.49,41.86,-0.37,-0.88,51908.99,214360.093
397,300731.SZ,20180626,38.79,42.33,38.5,41.86,40.02,1.84,4.6,65259.78,265828.68
398,300731.SZ,20180625,40.4,41.6,39.7,40.02,40.73,-0.71,-1.74,58570.28,236681.25
399,300731.SZ,20180622,37.6,42.18,36.45,40.73,38.45,2.28,5.93,87000.2,344124.607
400,300731.SZ,20180621,38.01,39.8,36.17,38.45,38.02,0.43,1.13,68769.04,258551.945
401,300731.SZ,20180620,36.77,38.9,36.36,38.02,36.65,1.37,3.74,57406.92,216960.949
402,300731.SZ,20180619,37.14,39.0,35.2,36.65,38.0,-1.35,-3.55,58248.84,216174.488
403,300731.SZ,20180615,40.19,40.88,37.51,38.0,39.52,-1.52,-3.85,54992.84,214248.644
404,300731.SZ,20180614,39.34,40.65,38.9,39.52,40.26,-0.74,-1.84,49265.28,195404.414
405,300731.SZ,20180613,44.46,44.46,40.26,40.26,44.73,-4.47,-9.99,66241.68,278101.087
406,300731.SZ,20180612,43.42,45.13,42.2,44.73,42.95,1.78,4.14,63788.69,279076.843
407,300731.SZ,20180611,44.75,45.36,42.78,42.95,44.5,-1.55,-3.48,57213.34,251715.407
408,300731.SZ,20180608,44.2,45.82,43.52,44.5,45.85,-1.35,-2.94,69254.86,307557.303
409,300731.SZ,20180607,48.17,49.3,45.2,45.85,47.63,-1.78,-3.74,88913.71,426730.765
410,300731.SZ,20180606,49.8,50.95,47.37,47.63,49.8,-2.17,-4.36,96192.93,469716.045
411,300731.SZ,20180605,47.0,52.96,47.0,49.8,51.21,-1.41,-2.75,138517.32,686082.933
412,300731.SZ,20180604,51.21,51.21,51.21,51.21,56.9,-5.69,-10.0,3588.0,18374.148
413,300731.SZ,20180525,56.9,56.9,56.9,56.9,51.73,5.17,9.99,33123.1,188470.439
414,300731.SZ,20180524,45.95,51.73,45.3,51.73,47.03,4.7,9.99,80334.74,396002.124
415,300731.SZ,20180523,45.0,47.03,42.0,47.03,42.75,4.28,10.01,140774.87,642825.069
416,300731.SZ,20180522,38.12,42.75,38.12,42.75,38.86,3.89,10.01,64805.75,263240.463
417,300731.SZ,20180521,37.75,39.43,36.32,38.86,37.46,1.4,3.74,79702.19,303758.264
418,300731.SZ,20180518,37.74,39.98,37.4,37.81,39.0,-1.19,-3.05,70328.85,269927.101
419,300731.SZ,20180517,36.0,40.68,35.65,39.0,37.31,1.69,4.53,96347.9,363698.618
420,300731.SZ,20180516,40.97,40.99,37.1,37.31,38.01,-0.7,-1.84,114925.84,449133.042
421,300731.SZ,20180515,38.01,38.01,38.01,38.01,34.55,3.46,10.01,12359.35,46977.889
422,300731.SZ,20180514,33.0,34.55,33.0,34.55,31.41,3.14,10.0,26230.17,90212.762
423,300731.SZ,20180511,32.95,33.09,31.4,31.41,32.73,-1.32,-4.03,21493.37,68895.004
424,300731.SZ,20180510,32.41,32.86,31.77,32.73,32.41,0.32,0.99,25435.68,82509.022
425,300731.SZ,20180509,32.68,32.78,32.08,32.41,32.55,-0.14,-0.43,17670.61,57302.091
426,300731.SZ,20180508,31.77,32.58,31.77,32.55,32.19,0.36,1.12,21385.3,68954.507
427,300731.SZ,20180507,31.61,32.44,31.47,32.19,31.47,0.72,2.29,18697.67,60031.619
428,300731.SZ,20180504,32.0,32.31,31.35,31.47,32.81,-1.34,-4.08,27653.01,87868.86
429,300731.SZ,20180503,30.42,33.48,30.1,32.81,30.44,2.37,7.79,46814.23,152609.397
430,300731.SZ,20180502,31.36,31.77,30.1,30.44,31.4,-0.96,-3.06,13966.84,42867.12
431,300731.SZ,20180427,31.89,32.09,31.0,31.4,31.66,-0.26,-0.82,18292.84,57657.155
432,300731.SZ,20180426,31.28,32.5,30.81,31.66,31.59,0.07,0.22,34310.52,109571.8
433,300731.SZ,20180425,31.01,32.22,30.56,31.59,31.01,0.58,1.87,23990.01,76228.488
434,300731.SZ,20180424,30.54,31.25,30.19,31.01,29.93,1.08,3.61,21552.61,66414.696
435,300731.SZ,20180423,29.1,30.53,29.1,29.93,29.57,0.36,1.22,17435.38,52249.136
436,300731.SZ,20180420,32.31,32.49,29.57,29.57,32.85,-3.28,-9.98,33938.47,104695.097
437,300731.SZ,20180419,32.91,33.56,32.38,32.85,33.37,-0.52,-1.56,27459.22,90813.728
438,300731.SZ,20180418,33.0,33.62,30.41,33.37,33.7,-0.33,-0.98,41189.98,132435.362
439,300731.SZ,20180417,34.29,34.78,33.3,33.7,33.9,-0.2,-0.59,24885.35,84815.063
440,300731.SZ,20180416,34.79,34.79,33.28,33.9,34.94,-1.04,-2.98,30178.08,102507.263
441,300731.SZ,20180413,35.8,36.64,34.79,34.94,36.17,-1.23,-3.4,30537.17,108619.055
442,300731.SZ,20180412,37.9,37.9,34.5,36.17,38.3,-2.13,-5.56,44211.57,161541.006
443,300731.SZ,20180411,37.48,38.45,36.68,38.3,37.39,0.91,2.43,48704.19,182695.197
444,300731.SZ,20180410,39.8,39.95,37.34,37.39,41.49,-4.1,-9.88,77842.34,298436.698
445,300731.SZ,20180409,38.8,42.9,38.51,41.49,39.38,2.11,5.36,88321.95,357604.515
446,300731.SZ,20180404,37.84,41.0,37.39,39.38,37.27,2.11,5.66,106764.96,424586.952
447,300731.SZ,20180403,36.99,37.46,35.8,37.27,38.19,-0.92,-2.41,46372.94,169679.485
448,300731.SZ,20180402,36.4,39.4,36.21,38.19,35.94,2.25,6.26,68261.16,259149.814
449,300731.SZ,20180330,35.92,36.8,35.3,35.94,35.6,0.34,0.96,42128.3,152128.015
450,300731.SZ,20180329,37.45,38.78,35.21,35.6,37.88,-2.28,-6.02,56979.53,209232.281
451,300731.SZ,20180328,37.55,38.84,37.38,37.88,39.22,-1.34,-3.42,65048.28,247822.494
452,300731.SZ,20180327,36.95,40.0,36.95,39.22,36.8,2.42,6.58,87700.88,335039.382
453,300731.SZ,20180326,33.22,37.0,33.12,36.8,36.8,0.0,0.0,76535.86,264393.474
454,300731.SZ,20180323,39.96,42.0,35.46,36.8,39.38,-2.58,-6.55,120015.58,471543.277
455,300731.SZ,20180322,36.4,39.38,36.01,39.38,35.8,3.58,10.0,53617.44,206890.285
456,300731.SZ,20180321,34.81,37.8,34.5,35.8,34.9,0.9,2.58,86427.81,313703.562
457,300731.SZ,20180320,34.07,35.2,33.2,34.9,35.82,-0.92,-2.57,61304.65,210587.532
458,300731.SZ,20180319,35.52,38.0,35.1,35.82,36.17,-0.35,-0.97,92436.2,337680.294
459,300731.SZ,20180316,34.0,38.08,33.25,36.17,35.65,0.52,1.46,106876.99,379219.66
460,300731.SZ,20180315,33.9,36.35,32.85,35.65,33.24,2.41,7.25,125566.83,437522.257
461,300731.SZ,20180314,29.95,33.24,29.8,33.24,30.22,3.02,9.99,26830.65,87235.217
462,300731.SZ,20180313,31.72,31.73,29.88,30.22,31.87,-1.65,-5.18,35527.43,108932.47
463,300731.SZ,20180312,32.86,32.87,31.71,31.87,31.82,0.05,0.16,39961.7,128630.85
464,300731.SZ,20180309,31.21,32.35,31.06,31.82,32.24,-0.42,-1.3,50133.33,158635.626
465,300731.SZ,20180308,29.11,32.3,28.66,32.24,29.36,2.88,9.81,61213.54,188528.093
466,300731.SZ,20180307,28.84,30.88,28.49,29.36,28.4,0.96,3.38,36903.32,109092.562
467,300731.SZ,20180306,27.99,29.49,27.8,28.4,28.3,0.1,0.35,35510.84,102340.454
468,300731.SZ,20180305,27.12,28.58,27.11,28.3,27.2,1.1,4.04,24961.17,69952.637
469,300731.SZ,20180302,27.1,28.18,27.1,27.2,27.57,-0.37,-1.34,16901.21,46664.757
470,300731.SZ,20180301,26.8,27.85,26.7,27.57,27.15,0.42,1.55,19440.38,53430.523
471,300731.SZ,20180228,27.68,27.69,26.98,27.15,28.26,-1.11,-3.93,21377.23,58387.2
472,300731.SZ,20180227,26.63,29.25,26.63,28.26,26.82,1.44,5.37,31485.65,87531.134
473,300731.SZ,20180226,26.58,27.7,26.58,26.82,25.82,1.0,3.87,20624.81,55521.737
474,300731.SZ,20180223,25.39,25.94,25.25,25.82,25.28,0.54,2.14,14167.56,36271.578
475,300731.SZ,20180222,25.0,25.5,24.66,25.28,24.72,0.56,2.27,8845.24,22305.303
476,300731.SZ,20180214,25.09,25.48,24.65,24.72,25.31,-0.59,-2.33,10470.56,26174.211
477,300731.SZ,20180213,25.64,26.2,25.26,25.31,25.64,-0.33,-1.29,16823.16,43120.244
478,300731.SZ,20180212,25.25,25.8,25.25,25.64,24.61,1.03,4.19,15467.93,39590.204
479,300731.SZ,20180209,23.71,25.16,23.66,24.61,25.36,-0.75,-2.96,17138.18,42106.802
480,300731.SZ,20180208,24.87,25.83,24.83,25.36,25.23,0.13,0.52,19408.16,49428.651
481,300731.SZ,20180207,24.89,25.82,23.51,25.23,24.12,1.11,4.6,27186.41,67840.014
482,300731.SZ,20180206,25.17,25.97,24.12,24.12,26.32,-2.2,-8.36,21624.58,54257.491
483,300731.SZ,20180205,27.97,27.97,26.0,26.32,28.62,-2.3,-8.04,22639.94,61455.477
484,300731.SZ,20180202,28.86,29.59,28.5,28.62,29.08,-0.46,-1.58,18027.39,52279.86
485,300731.SZ,20180201,30.0,30.79,29.0,29.08,30.86,-1.78,-5.77,29235.04,86877.663
486,300731.SZ,20180131,33.6,33.6,30.66,30.86,33.68,-2.82,-8.37,36235.76,115839.205
487,300731.SZ,20180130,33.2,33.95,33.01,33.68,33.62,0.06,0.18,27167.07,91022.658
488,300731.SZ,20180129,32.55,34.19,32.04,33.62,32.2,1.42,4.41,36164.37,120192.71
489,300731.SZ,20180126,32.99,33.4,31.92,32.2,33.65,-1.45,-4.31,30041.51,98106.621
490,300731.SZ,20180125,33.0,34.68,32.5,33.65,33.3,0.35,1.05,42929.53,145612.918
491,300731.SZ,20180124,32.6,34.36,32.46,33.3,32.68,0.62,1.9,36039.11,120898.986
492,300731.SZ,20180123,32.3,32.95,31.73,32.68,32.15,0.53,1.65,24464.2,79004.709
493,300731.SZ,20180122,33.51,33.55,30.96,32.15,34.0,-1.85,-5.44,31148.93,100723.274
494,300731.SZ,20180119,33.4,35.43,33.21,34.0,33.2,0.8,2.41,43240.13,148875.197
495,300731.SZ,20180118,34.07,34.12,32.9,33.2,34.27,-1.07,-3.12,29901.48,100065.071
496,300731.SZ,20180117,33.0,34.56,32.68,34.27,33.2,1.07,3.22,45593.01,154260.582
497,300731.SZ,20180116,32.47,33.7,32.3,33.2,32.53,0.67,2.06,36298.47,120680.344
498,300731.SZ,20180115,34.59,34.59,32.07,32.53,35.08,-2.55,-7.27,48350.6,159430.994
499,300731.SZ,20180112,35.73,37.1,35.05,35.08,36.45,-1.37,-3.76,43048.4,155146.275
500,300731.SZ,20180111,35.6,37.3,35.05,36.45,36.5,-0.05,-0.14,53788.62,196116.117
501,300731.SZ,20180110,37.05,37.2,35.76,36.5,37.72,-1.22,-3.23,56065.52,204511.178
502,300731.SZ,20180109,36.7,38.28,36.15,37.72,37.29,0.43,1.15,75860.01,283865.615
503,300731.SZ,20180108,36.36,37.45,35.7,37.29,36.08,1.21,3.35,62950.39,230547.077
504,300731.SZ,20180105,35.28,37.15,35.28,36.08,35.9,0.18,0.5,64586.39,234775.99
505,300731.SZ,20180104,36.25,36.99,35.3,35.9,36.38,-0.48,-1.32,61712.45,223256.054
506,300731.SZ,20180103,37.56,37.77,35.0,36.38,38.67,-2.29,-5.92,80952.37,293180.348
507,300731.SZ,20180102,38.33,39.66,37.51,38.67,38.26,0.41,1.07,70751.02,274638.24
508,300731.SZ,20171229,40.93,41.63,38.26,38.26,42.51,-4.25,-10.0,100940.61,397335.105
509,300731.SZ,20171228,41.1,46.88,41.1,42.51,43.42,-0.91,-2.1,130843.08,576708.414
510,300731.SZ,20171227,39.1,43.42,38.9,43.42,39.47,3.95,10.01,139276.68,566435.245
511,300731.SZ,20171226,35.8,40.34,35.55,39.47,36.67,2.8,7.64,133378.67,518790.46
512,300731.SZ,20171225,34.4,37.5,34.4,36.67,36.0,0.67,1.86,99242.72,358622.431
513,300731.SZ,20171222,36.23,40.0,35.96,36.0,38.19,-2.19,-5.73,131658.79,494136.158
514,300731.SZ,20171221,34.07,38.98,33.22,38.19,35.51,2.68,7.55,135656.86,491896.274
515,300731.SZ,20171220,38.5,40.48,34.7,35.51,37.17,-1.66,-4.47,141811.7,530237.391
516,300731.SZ,20171219,33.0,37.17,32.94,37.17,33.79,3.38,10.0,46968.61,166238.965
517,300731.SZ,20171218,33.79,33.79,32.28,33.79,30.72,3.07,9.99,86993.46,289684.978
518,300731.SZ,20171215,30.72,30.72,30.72,30.72,27.93,2.79,9.99,776.81,2386.36
519,300731.SZ,20171214,27.93,27.93,27.93,27.93,25.39,2.54,10.0,349.84,977.103
520,300731.SZ,20171213,25.39,25.39,25.39,25.39,23.08,2.31,10.01,69.47,176.384
521,300731.SZ,20171212,23.08,23.08,23.08,23.08,20.98,2.1,10.01,27.0,62.316
522,300731.SZ,20171211,20.98,20.98,20.98,20.98,19.07,1.91,10.02,34.35,72.066
523,300731.SZ,20171208,15.89,19.07,15.89,19.07,13.24,5.83,44.03,108.88,207.157
